0x212121
0x424242
0x616161
16
0000000000000000
0000011111100000
0000100000010000
0001000000001000
0001000000001000
0000100000001000
0000000000110000
0000000011000000
0000000100000000
0000000100000000
0000000000000000
0000000000000000
0000000110000000
0000000110000000
0000000000000000
0000000000000000
2121212121212121
1212121212121212
2121212121212121
1212121212121212
2121212121212121
1212121212121212
2121212121212121
1212121212121212
2121212121212121
1212121212121212
2121212121212121
1212121212121212
2121212121212121
1212121212121212
2121212121212121
1212121212121212
